  2                        8                        1                      0.8764549493789673 186.7491 0.7696628278950185 4296.5596
  3                        4                        1                      0.8738865256309509 186.9296 0.7669417009684458 4296.8223
  5                        1                        1                      0.8706609010696411 187.32 0.7640005992265029 4316.1522
  3                        1                        1                      0.8833959102630615 187.0106 0.7852376619832178 4300.6344
  5                       11                        2                      0.8259603381156921 187.5844 0.7026394434641613 4353.6901
  5                       41                        5                      0.851082444190979 187.4998 0.7852395307599452 4353.8712
  5                       14                        5                      0.8261268138885498 187.2841 0.7153078140111632 4350.4863
  5                       40                        5                      0.8473639488220215 187.515 0.7835415955603218 4350.8286
  5                       28                        1                      0.8259941935539246 187.6384 0.720042438325034 4316.2799
  5                        2                        2                      0.8600699305534363 187.4188 0.7480979771182488 4351.6845
  4                        1                        1                      0.8792681097984314 187.0158 0.7764877223512202 4295.2953
  5                        4                        4                      0.8463698625564575 187.4425 0.729705720260573 4350.7254
  5                       19                        1                      0.821083664894104 187.4614 0.7050888694739608 4314.8317
  5                       43                        1                      0.843429446220398 187.5721 0.7637119822002104 4315.9222
  5                       24                        3                      0.8222028613090515 187.4469 0.7135474626955233 4350.7777
  5                       32                        3                      0.8304173350334167 187.4798 0.7307058513711134 4352.5134
  5                       25                        3                      0.824180006980896 187.4057 0.7150667300611212 4348.5575
  5                        1                        3                      0.8705435395240784 187.4879 0.764230760589741 4351.5381
  3                        1                        2                      0.8843557238578796 187.02 0.7853931688140644 4332.0526
  5                       56                        1                      0.8606950640678406 187.5721 0.806387533767942 4314.9565
  5                       29                        2                      0.8242560625076294 187.4839 0.723713610172747 4346.8885
  5                       41                        4                      0.8395979404449463 187.3709 0.7580572077484602 4347.7804
  4                       19                        1                      0.8433395624160767 187.1217 0.723527912674338 4293.9242
  5                       23                        2                      0.8218340277671814 187.6671 0.7113160527707857 4352.0335
  5                       39                        1                      0.836538553237915 187.6205 0.751217098660066 4314.5975
  5                       24                        2                      0.8226330280303955 187.5619 0.7117798542767241 4349.9828
  5                       21                        2                      0.8214942216873169 187.5595 0.7102705278512583 4350.482
  5                       29                        1                      0.8256282210350037 187.5678 0.7228052177046095 4315.4758
  5                        9                        2                      0.8305419683456421 187.4368 0.7079830131771272 4348.7929
  4                       28                        2                      0.8388413190841675 187.2129 0.7259724716012748 4327.988
  5                       20                        1                      0.8196073770523071 187.5196 0.7056331304652078 4317.1034
  5                       23                        1                      0.8241857886314392 187.6285 0.7117116977557231 4318.1522
  5                       12                        1                      0.8245955109596252 187.4837 0.7027730932503796 4315.3858
  5                       16                        1                      0.820758581161499 187.5146 0.7010092572970064 4314.6837
  5                       25                        2                      0.823695957660675 187.3885 0.7156785908830984 4351.3196
  5                       25                        1                      0.8222914934158325 187.6134 0.7136262347015657 4317.3914
  4                       15                        2                      0.8450886607170105 187.0918 0.7241256098356543 4330.4721
  5                       10                        1                      0.8280696272850037 187.6353 0.7044598793988213 4317.8735
  5                       15                        1                      0.8226122260093689 187.4216 0.701990906321451 4311.5675
  4                       25                        1                      0.8378177285194397 187.2608 0.7243057272056833 4294.732
  4                       17                        2                      0.8411539196968079 187.0536 0.7218682112044504 4329.0523
  5                       13                        2                      0.8235146403312683 187.4811 0.7037072022946067 4354.187
  5                       16                        2                      0.8228456974029541 187.7082 0.7030591041895381 4353.4908
  5                       18                        1                      0.8234976530075073 187.6025 0.7067907322822005 4317.3467
  5                       22                        2                      0.8219467401504517 187.5949 0.7094466703003673 4352.7279
  4                       18                        2                      0.8427757620811462 187.1334 0.7229943481857697 4332.0056
  5                       22                        1                      0.8221836686134338 187.5924 0.7091702190977914 4319.0205
  5                       21                        1                      0.8214261531829834 187.5039 0.708303552804191 4317.1329
  5                       20                        2                      0.81935715675354 187.5902 0.7057867045536566 4354.4302
  5                       20                        5                      0.8280831575393677 187.6696 0.7234247905667128 4354.8892
